lastlocation:
  world: Destiny
  x: 148.0
  y: 64.0
  z: 256.0
  yaw: 0.0
  pitch: 0.0
timestamps:
  login: 1497988384603
  logout: 1497988393743
ipAddress: 217.209.203.71
logoutlocation:
  world: Destiny
  x: 145.5
  y: 63.0
  z: 256.5
  yaw: 75.44674
  pitch: -58.95004
