timestamps:
  login: 1496259477357
  logout: 1496259518790
ipAddress: 217.209.203.71
lastlocation:
  world: Destiny
  x: 148.0
  y: 64.0
  z: 256.0
  yaw: 0.0
  pitch: 0.0
logoutlocation:
  world: Destiny
  x: 145.5
  y: 63.0
  z: 256.5
  yaw: 62.396767
  pitch: 47.849945
