lastlocation:
  world: Destiny
  x: 148.0
  y: 64.0
  z: 256.0
  yaw: 0.0
  pitch: 0.0
timestamps:
  login: 1492803497948
  logout: 1492803526001
ipAddress: 217.209.203.71
logoutlocation:
  world: Destiny
  x: 145.5
  y: 63.0
  z: 256.5
  yaw: -41.553265
  pitch: 51.449974
