timestamps:
  login: 1401029247322
  logout: 1401029268143
ipAddress: 174.24.102.227
lastlocation:
  world: Destiny
  x: 148.0
  y: 64.0
  z: 256.0
  yaw: 0.0
  pitch: 0.0
logoutlocation:
  world: Destiny
  x: 171.53728956962584
  y: 63.0
  z: 281.8683858779246
  yaw: -73.28544
  pitch: -3.0535607
