timestamps:
  login: 1403907681911
  logout: 1403907804509
ipAddress: 95.155.255.5
lastlocation:
  world: Destiny
  x: 148.0
  y: 64.0
  z: 256.0
  yaw: 0.0
  pitch: 0.0
logoutlocation:
  world: Destiny
  x: 142.98227957152292
  y: 63.0
  z: 269.5153263633536
  yaw: -352.71375
  pitch: 3.9941938
