timestamps:
  login: 1394226453796
  logout: 1394226472333
ipAddress: 82.99.106.250
lastlocation:
  world: Destiny
  x: 148.0
  y: 64.0
  z: 256.0
  yaw: 0.0
  pitch: 0.0
logoutlocation:
  world: Destiny
  x: 809.8722548563788
  y: 67.0
  z: 222.57417068616894
  yaw: -83.71399
  pitch: 10.7423935
