timestamps:
  login: 1403092095514
  logout: 1403092151120
ipAddress: 90.227.159.30
lastlocation:
  world: Destiny
  x: 148.0
  y: 64.0
  z: 256.0
  yaw: 0.0
  pitch: 0.0
logoutlocation:
  world: Destiny
  x: 148.5
  y: 63.0
  z: 256.5
  yaw: 35.84996
  pitch: 28.500103
