timestamps:
  login: 1403899143579
  logout: 1403900142009
  lastteleport: 1399757471348
ipAddress: 86.177.108.210
lastlocation:
  world: Destiny
  x: 267.31927577782864
  y: 72.0
  z: 347.0268419080917
  yaw: 104.474365
  pitch: 45.58576
logoutlocation:
  world: Destiny
  x: 302.736516909222
  y: 66.0
  z: 301.5532605644669
  yaw: 267.22278
  pitch: 47.47938
