timestamps:
  login: 1394575366015
  logout: 1394576095697
  lastteleport: 1394576094753
ipAddress: 62.220.180.183
lastlocation:
  world: Destiny
  x: 251.27874829691098
  y: 60.0
  z: 499.0643579064726
  yaw: 123.04172
  pitch: 13.5228815
logoutlocation:
  world: Destiny
  x: 148.5
  y: 63.0
  z: 256.5
  yaw: 0.0
  pitch: 0.0
afk: false
