timestamps:
  login: 1394304365425
  logout: 1394305621925
  lastteleport: 1394299553378
ipAddress: 90.230.52.250
lastlocation:
  world: Destiny
  x: -3767.0333919968957
  y: 250.15552175294314
  z: 1477.218511710823
  yaw: -13.352295
  pitch: 86.54999
logoutlocation:
  world: Destiny
  x: -1896.791046987135
  y: 242.0
  z: -1756.867396971721
  yaw: -245.64404
  pitch: -11.400012
