timestamps:
  login: 1428047197695
  logout: 1428047257582
ipAddress: 213.64.167.134
lastlocation:
  world: Destiny
  x: 148.0
  y: 64.0
  z: 256.0
  yaw: 0.0
  pitch: 0.0
logoutlocation:
  world: Destiny
  x: 145.5
  y: 63.60000000000001
  z: 256.5
  yaw: 0.29674745
  pitch: 56.09997
