timestamps:
  login: 1394816809153
  logout: 1394818021451
ipAddress: 176.70.108.109
lastlocation:
  world: Destiny
  x: 148.0
  y: 64.0
  z: 256.0
  yaw: 0.0
  pitch: 0.0
logoutlocation:
  world: Destiny
  x: 231.26091897897652
  y: 63.0
  z: 328.6655804434801
  yaw: -315.60278
  pitch: 33.9
