timestamps:
  login: 1402873450819
  logout: 1402873498620
ipAddress: 41.104.117.85
lastlocation:
  world: Destiny
  x: 148.0
  y: 64.0
  z: 256.0
  yaw: 0.0
  pitch: 0.0
logoutlocation:
  world: Destiny
  x: 148.5
  y: 63.0
  z: 256.5
  yaw: -75.44983
  pitch: 60.299973
