timestamps:
  login: 1492283928438
  logout: 1492283968194
ipAddress: 81.230.73.131
lastlocation:
  world: Destiny
  x: 148.0
  y: 64.0
  z: 256.0
  yaw: 0.0
  pitch: 0.0
logoutlocation:
  world: Destiny
  x: 145.5
  y: 63.0
  z: 256.5
  yaw: 5.2467475
  pitch: 31.049978
