lastlocation:
  world: Destiny
  x: 144.84770340753124
  y: 63.0
  z: 278.3696186191815
  yaw: -1.8032523
  pitch: 5.2499723
timestamps:
  lastteleport: 1496436373083
  logout: 1496437817346
afk: false
logoutlocation:
  world: Destiny
  x: -690.8582928357945
  y: 70.0
  z: -104.47685024038579
  yaw: -358.30365
  pitch: 12.449981
