timestamps:
  login: 1402331191573
  logout: 1402331435871
ipAddress: 104.7.21.39
lastlocation:
  world: Destiny
  x: 148.0
  y: 64.0
  z: 256.0
  yaw: 0.0
  pitch: 0.0
logoutlocation:
  world: Destiny
  x: 253.1148890633582
  y: 65.0
  z: 258.49519165598906
  yaw: -353.6997
  pitch: 32.550022
