timestamps:
  login: 1420362457784
  lastheal: 1392489569471
  logout: 1420362606326
ipAddress: 81.230.72.64
lastlocation:
  world: Destiny
  x: 148.0
  y: 64.0
  z: 256.0
  yaw: 0.0
  pitch: 0.0
afk: false
logoutlocation:
  world: Destiny
  x: 218.30000001192093
  y: 63.0
  z: 372.87362132326194
  yaw: -78.902954
  pitch: 16.199924
