timestamps:
  login: 1395995692521
  logout: 1395995697905
ipAddress: 84.48.113.24
lastlocation:
  world: Destiny
  x: 148.0
  y: 64.0
  z: 256.0
  yaw: 0.0
  pitch: 0.0
logoutlocation:
  world: Destiny
  x: 148.0
  y: 63.0
  z: 256.0
  yaw: -107.52002
  pitch: 23.961613
