lastlocation:
  world: Destiny
  x: 148.0
  y: 64.0
  z: 256.0
  yaw: 0.0
  pitch: 0.0
timestamps:
  login: 1489954453546
  logout: 1489954463678
ipAddress: 81.230.73.131
logoutlocation:
  world: Destiny
  x: 148.0
  y: 63.0
  z: 256.0
  yaw: 4.0388412
  pitch: 7.4045415
