timestamps:
  login: 1403899653774
  logout: 1403900129509
  lastteleport: 1403899725621
ipAddress: 86.4.244.238
lastlocation:
  world: Destiny
  x: 176.05718647186433
  y: 63.0
  z: 223.38750541803392
  yaw: 60.175575
  pitch: 8.4609165
logoutlocation:
  world: Destiny
  x: 148.0
  y: 63.0
  z: 256.0
  yaw: 7.537917
  pitch: -0.61534023
