timestamps:
  login: 1394225467057
  logout: 1394226434833
ipAddress: 82.99.106.250
lastlocation:
  world: Destiny
  x: 148.0
  y: 64.0
  z: 256.0
  yaw: 0.0
  pitch: 0.0
logoutlocation:
  world: Destiny
  x: 652.7327336453661
  y: 56.0
  z: 189.56296282192457
  yaw: 59.854153
  pitch: 0.14998493
