jails: 
  darkroom: 
    world: Destiny
    x: 66.94188439680151
    y: 3.0
    z: 765.4649219469974
    yaw: 176.24614
    pitch: 11.550031
