spawns: 
  default: 
    world: Destiny
    x: 145.02317001881414
    y: 63.0
    z: 256.9345661273766
    yaw: 0.29674745
    pitch: 56.09997
